-0.65377 -0.0489713 0.2511 0.484694 0.0595766 -0.037249
-0.653896 -0.0489651 0.227485 0.508457 0.0606583 -0.0372796
-0.653948 -0.0255829 0.222525 0.514229 0.0612099 -0.0134371
-0.653924 -0.0204562 0.24492 0.491976 0.0607566 -0.00827889
-0.653955 0.00423869 0.249753 0.488512 0.0611105 0.0171322
-0.65397 0.0095503 0.227306 0.512044 0.0614274 0.0223094
-0.653948 0.034203 0.222444 0.520945 0.06222 0.0479736
-0.653919 0.0395436 0.244916 0.496067 0.0618805 0.0531855
-0.653959 0.064135 0.249728 0.492262 0.0622638 0.0785772
-0.653941 0.0694916 0.227429 0.513346 0.0627718 0.0837409
